2
5 6
0.0100125 0.0156359 0.011933 0.0180874 0.0158501 0.0147987 
0.0135029 0.0189596 0.0182284 0.017466 0.0117411 0.0185894 
0.017105 0.0151353 0.0130399 0.0101498 0.010914 0.0136445 
0.0114731 0.011659 0.0198852 0.0144569 0.0111908 0.0100467 
0.0100891 0.0137788 0.0153166 0.0157118 0.0160176 0.0160717
3 6
0.0116623 0.0166305 0.0145079 0.0135212 0.0105704 0.0160768 
0.0178332 0.0180261 0.0151988 0.0130195 0.0187597 0.0172668 
0.019559 0.0192572 0.0153935 0.0114234 0.0146208 0.0123533
3
6
1 1 1 0.447781 0.410067 1
6
0.0669789 0.081916 0.0679452 0.0641266 0.06886 1
4
0.020801 0.0230972 0.018026 1
